24 30 6
25 28 6
26 27 6
27 25 6
28 24 6
29 22 6
30 21 6
31 20 6
36 31 1
37 29 1
38 28 1
39 26 1
41 23 1
42 22 1
43 19 1
45 18 1
46 17 1
47 16 1
48 15 1
49 14 1
50 13 1
52 31 12
53 29 12
54 27 12
55 26 12
56 24 12
57 23 12
59 20 12
60 19 12
61 18 12
62 17 12
63 16 12
64 15 12
65 14 12
66 13 12
69 11 12
71 31 4
72 29 4
73 27 4
74 26 4
75 24 4
76 23 4
77 21 4
78 20 4
79 19 4
80 18 4
81 17 4
82 16 4
83 15 4
84 14 4
85 13 4
88 11 4
91 9 4
93 8 4
95 7 4
97 6 4
100 5 4
103 4 4
107 3 4